
Beginning Gauss Jordan Elimination test cases!
----------------------------------------------

Testing Writing/Reading from a file!

Matrix Y from file:

10.000000 90.000000 82.000000 45.000000 51.000000 81.000000 57.000000 13.000000 31.000000 60.000000 
70.000000 13.000000 68.000000 69.000000 28.000000 10.000000 79.000000 73.000000 83.000000 88.000000 
73.000000 78.000000 19.000000 47.000000 9.000000 15.000000 76.000000 51.000000 95.000000 11.000000 
97.000000 5.000000 54.000000 80.000000 3.000000 57.000000 13.000000 60.000000 71.000000 45.000000 
72.000000 93.000000 10.000000 40.000000 62.000000 90.000000 50.000000 93.000000 16.000000 86.000000 
33.000000 89.000000 16.000000 53.000000 89.000000 77.000000 20.000000 17.000000 81.000000 67.000000 
29.000000 78.000000 72.000000 35.000000 10.000000 27.000000 92.000000 24.000000 39.000000 15.000000 
21.000000 12.000000 60.000000 31.000000 4.000000 22.000000 22.000000 7.000000 67.000000 38.000000 
93.000000 53.000000 79.000000 61.000000 58.000000 20.000000 38.000000 78.000000 38.000000 19.000000 
45.000000 67.000000 50.000000 69.000000 2.000000 60.000000 97.000000 46.000000 84.000000 36.000000 

Testing some 'Make Sure It Works' cases:

Matrix A:

10.000000 90.000000 
82.000000 45.000000 

Matrix B:

1.000000 0.000000 
0.000000 1.000000 

x Matrix C (post Gauss):

-0.006494 0.012987 
0.011833 -0.001443 

A*C = D:

1.000000 -0.000000 
-0.000000 1.000000 

Matrix A:

10.000000 90.000000 82.000000 45.000000 51.000000 
81.000000 57.000000 13.000000 31.000000 60.000000 
70.000000 13.000000 68.000000 69.000000 28.000000 
10.000000 79.000000 73.000000 83.000000 88.000000 
73.000000 78.000000 19.000000 47.000000 9.000000 

Matrix B:

1.000000 0.000000 0.000000 0.000000 0.000000 
0.000000 1.000000 0.000000 0.000000 0.000000 
0.000000 0.000000 1.000000 0.000000 0.000000 
0.000000 0.000000 0.000000 1.000000 0.000000 
0.000000 0.000000 0.000000 0.000000 1.000000 

x Matrix C (post Gauss):

0.001682 0.008659 0.005738 -0.008658 -0.000456 
0.005851 -0.001390 -0.008688 -0.000616 0.009156 
0.017022 -0.000427 0.009248 -0.011582 -0.009140 
-0.018866 -0.013533 0.002279 0.018113 0.012933 
-0.001771 0.013381 -0.002674 0.005424 -0.012784 

A*C = D:

1.000000 0.000000 0.000000 0.000000 -0.000000 
0.000000 1.000000 0.000000 -0.000000 0.000000 
0.000000 -0.000000 1.000000 0.000000 0.000000 
0.000000 -0.000000 0.000000 1.000000 0.000000 
-0.000000 0.000000 -0.000000 0.000000 1.000000 

Matrix A:

10.000000 90.000000 82.000000 45.000000 51.000000 81.000000 57.000000 13.000000 
31.000000 60.000000 70.000000 13.000000 68.000000 69.000000 28.000000 10.000000 
79.000000 73.000000 83.000000 88.000000 73.000000 78.000000 19.000000 47.000000 
9.000000 15.000000 76.000000 51.000000 95.000000 11.000000 97.000000 5.000000 
54.000000 80.000000 3.000000 57.000000 13.000000 60.000000 71.000000 45.000000 
72.000000 93.000000 10.000000 40.000000 62.000000 90.000000 50.000000 93.000000 
16.000000 86.000000 33.000000 89.000000 16.000000 53.000000 89.000000 77.000000 
20.000000 17.000000 81.000000 67.000000 29.000000 78.000000 72.000000 35.000000 

Matrix B:

1.000000 0.000000 0.000000 0.000000 0.000000 0.000000 0.000000 0.000000 
0.000000 1.000000 0.000000 0.000000 0.000000 0.000000 0.000000 0.000000 
0.000000 0.000000 1.000000 0.000000 0.000000 0.000000 0.000000 0.000000 
0.000000 0.000000 0.000000 1.000000 0.000000 0.000000 0.000000 0.000000 
0.000000 0.000000 0.000000 0.000000 1.000000 0.000000 0.000000 0.000000 
0.000000 0.000000 0.000000 0.000000 0.000000 1.000000 0.000000 0.000000 
0.000000 0.000000 0.000000 0.000000 0.000000 0.000000 1.000000 0.000000 
0.000000 0.000000 0.000000 0.000000 0.000000 0.000000 0.000000 1.000000 

x Matrix C (post Gauss):

-0.051488 0.062034 0.000558 -0.006685 0.020526 -0.024744 0.019221 -0.001322 
-0.007109 0.022186 -0.000685 -0.004122 0.004193 -0.010278 0.014517 -0.012207 
-0.059807 0.087150 -0.004002 -0.012061 0.002553 -0.034623 0.042371 -0.000089 
0.051074 -0.077995 0.014521 0.009480 -0.006071 0.019984 -0.029296 0.001618 
0.042536 -0.058401 0.005621 0.014453 -0.012567 0.027994 -0.029036 -0.003073 
0.051738 -0.065511 0.000802 0.003052 -0.005279 0.028668 -0.038273 0.012801 
-0.019769 0.025983 -0.009793 0.001897 0.012101 -0.009864 0.009409 0.002749 
-0.036363 0.042326 -0.004821 -0.007092 -0.010766 -0.005787 0.029984 0.000726 

A*C = D:

1.000000 0.000000 0.000000 0.000000 0.000000 0.000000 0.000000 0.000000 
0.000000 1.000000 0.000000 -0.000000 -0.000000 -0.000000 -0.000000 -0.000000 
0.000000 0.000000 1.000000 0.000000 0.000000 0.000000 0.000000 -0.000000 
-0.000000 -0.000000 -0.000000 1.000000 -0.000000 -0.000000 -0.000000 -0.000000 
-0.000000 -0.000000 -0.000000 -0.000000 1.000000 -0.000000 -0.000000 -0.000000 
-0.000000 0.000000 0.000000 0.000000 0.000000 1.000000 0.000000 -0.000000 
0.000000 0.000000 0.000000 0.000000 0.000000 0.000000 1.000000 -0.000000 
0.000000 0.000000 0.000000 -0.000000 0.000000 0.000000 0.000000 1.000000 

Matrix A:

10.000000 90.000000 82.000000 45.000000 51.000000 81.000000 57.000000 13.000000 31.000000 60.000000 
70.000000 13.000000 68.000000 69.000000 28.000000 10.000000 79.000000 73.000000 83.000000 88.000000 
73.000000 78.000000 19.000000 47.000000 9.000000 15.000000 76.000000 51.000000 95.000000 11.000000 
97.000000 5.000000 54.000000 80.000000 3.000000 57.000000 13.000000 60.000000 71.000000 45.000000 
72.000000 93.000000 10.000000 40.000000 62.000000 90.000000 50.000000 93.000000 16.000000 86.000000 
33.000000 89.000000 16.000000 53.000000 89.000000 77.000000 20.000000 17.000000 81.000000 67.000000 
29.000000 78.000000 72.000000 35.000000 10.000000 27.000000 92.000000 24.000000 39.000000 15.000000 
21.000000 12.000000 60.000000 31.000000 4.000000 22.000000 22.000000 7.000000 67.000000 38.000000 
93.000000 53.000000 79.000000 61.000000 58.000000 20.000000 38.000000 78.000000 38.000000 19.000000 
45.000000 67.000000 50.000000 69.000000 2.000000 60.000000 97.000000 46.000000 84.000000 36.000000 

Matrix B:

1.000000 0.000000 0.000000 0.000000 0.000000 0.000000 0.000000 0.000000 0.000000 0.000000 
0.000000 1.000000 0.000000 0.000000 0.000000 0.000000 0.000000 0.000000 0.000000 0.000000 
0.000000 0.000000 1.000000 0.000000 0.000000 0.000000 0.000000 0.000000 0.000000 0.000000 
0.000000 0.000000 0.000000 1.000000 0.000000 0.000000 0.000000 0.000000 0.000000 0.000000 
0.000000 0.000000 0.000000 0.000000 1.000000 0.000000 0.000000 0.000000 0.000000 0.000000 
0.000000 0.000000 0.000000 0.000000 0.000000 1.000000 0.000000 0.000000 0.000000 0.000000 
0.000000 0.000000 0.000000 0.000000 0.000000 0.000000 1.000000 0.000000 0.000000 0.000000 
0.000000 0.000000 0.000000 0.000000 0.000000 0.000000 0.000000 1.000000 0.000000 0.000000 
0.000000 0.000000 0.000000 0.000000 0.000000 0.000000 0.000000 0.000000 1.000000 0.000000 
0.000000 0.000000 0.000000 0.000000 0.000000 0.000000 0.000000 0.000000 0.000000 1.000000 

x Matrix C (post Gauss):

-0.063149 -0.005369 -0.035326 0.026347 0.011183 0.032835 0.087362 0.004539 -0.014611 -0.025072 
0.085020 0.009155 0.065924 -0.003290 -0.014321 -0.036488 -0.072103 -0.026786 -0.003038 -0.018071 
0.003188 -0.003938 -0.002399 -0.003923 0.000954 -0.006056 -0.001641 0.015199 0.007189 -0.000211 
0.101995 0.023382 0.062037 0.005768 -0.033703 -0.035112 -0.091362 -0.062967 -0.000812 -0.002494 
-0.064036 -0.006639 -0.049324 -0.003800 0.008776 0.035911 0.055532 0.015696 0.009100 0.010469 
-0.068929 -0.020175 -0.054167 0.003673 0.019010 0.028477 0.058935 0.030963 0.001572 0.019678 
-0.073249 -0.003970 -0.052979 0.004984 0.011832 0.034090 0.079254 0.010390 -0.005357 0.008873 
0.036164 -0.002177 0.024486 -0.026824 0.003115 -0.031093 -0.072018 0.012688 0.021846 0.026607 
-0.020732 -0.007888 -0.007407 -0.010134 0.005154 0.006462 0.000902 0.026948 0.005841 0.012524 
0.038755 0.016207 0.027656 0.006165 -0.004110 -0.014086 -0.022561 -0.015809 -0.014742 -0.022686 

A*C = D:

1.000000 -0.000000 -0.000000 -0.000000 -0.000000 -0.000000 -0.000000 -0.000000 -0.000000 -0.000000 
0.000000 1.000000 0.000000 0.000000 -0.000000 -0.000000 -0.000000 0.000000 -0.000000 0.000000 
-0.000000 -0.000000 1.000000 -0.000000 -0.000000 -0.000000 -0.000000 0.000000 -0.000000 -0.000000 
0.000000 0.000000 0.000000 1.000000 0.000000 0.000000 -0.000000 0.000000 0.000000 0.000000 
-0.000000 0.000000 -0.000000 -0.000000 1.000000 -0.000000 0.000000 -0.000000 -0.000000 -0.000000 
-0.000000 0.000000 -0.000000 -0.000000 0.000000 1.000000 0.000000 -0.000000 0.000000 -0.000000 
-0.000000 -0.000000 -0.000000 -0.000000 0.000000 -0.000000 1.000000 -0.000000 -0.000000 -0.000000 
0.000000 0.000000 0.000000 0.000000 0.000000 0.000000 0.000000 1.000000 0.000000 0.000000 
0.000000 0.000000 0.000000 0.000000 0.000000 0.000000 0.000000 0.000000 1.000000 -0.000000 
0.000000 -0.000000 0.000000 -0.000000 -0.000000 -0.000000 -0.000000 -0.000000 -0.000000 1.000000 

Matrix Size: A = 50x50, b = 50x50, time taken: 0.001625 seconds.
Matrix Size: A = 50x50, Identity b = 50x50, time taken: 0.001093 seconds.
Matrix Size: A = 50x50, B = 50x1, time taken: 0.000589 seconds.

Matrix Size: A = 100x100, b = 100x100, time taken: 0.007884 seconds.
Matrix Size: A = 100x100, Identity b = 100x100, time taken: 0.005358 seconds.
Matrix Size: A = 100x100, B = 100x1, time taken: 0.002790 seconds.

Matrix Size: A = 250x250, b = 250x250, time taken: 0.068935 seconds.
Matrix Size: A = 250x250, Identity b = 250x250, time taken: 0.054921 seconds.
Matrix Size: A = 250x250, B = 250x1, time taken: 0.026197 seconds.

Matrix Size: A = 400x400, b = 400x400, time taken: 0.203871 seconds.
Matrix Size: A = 400x400, Identity b = 400x400, time taken: 0.199632 seconds.
Matrix Size: A = 400x400, B = 400x1, time taken: 0.087507 seconds.

Matrix Size: A = 800x800, b = 800x800, time taken: 1.202460 seconds.
Matrix Size: A = 800x800, Identity b = 800x800, time taken: 1.261197 seconds.
Matrix Size: A = 800x800, B = 800x1, time taken: 0.614284 seconds.

Matrix Size: A = 1400x1400, b = 1400x1400, time taken: 9.589391 seconds.
Matrix Size: A = 1400x1400, Identity b = 1400x1400, time taken: 10.106198 seconds.
Matrix Size: A = 1400x1400, B = 1400x1, time taken: 3.497936 seconds.

Matrix Size: A = 2000x2000, b = 2000x2000, time taken: 79.551174 seconds.
Matrix Size: A = 2000x2000, Identity b = 2000x2000, time taken: 28.584760 seconds.
Matrix Size: A = 2000x2000, B = 2000x1, time taken: 12.836363 seconds.

Matrix Size: A = 3000x3000, b = 3000x3000, time taken: 269.514452 seconds.
Matrix Size: A = 3000x3000, Identity b = 3000x3000, time taken: 271.144601 seconds.
Matrix Size: A = 3000x3000, B = 3000x1, time taken: 133.820196 seconds.

Matrix Size: A = 4000x4000, b = 4000x4000, time taken: 635.709265 seconds.
Matrix Size: A = 4000x4000, Identity b = 4000x4000, time taken: 623.020324 seconds.
Matrix Size: A = 4000x4000, B = 4000x1, time taken: 312.844759 seconds.

[mpiexec@hslinux.salisbury.edu] Sending Ctrl-C to processes as requested
[mpiexec@hslinux.salisbury.edu] Press Ctrl-C again to force abort
